0.8777860999 0.448956877
0.8782384992 0.44842574
0.8782384992 0.44842574
0.8805184364 0.4480779469
0.8857212067 0.4485299885
0.8922478557 0.4484382272
0.901802659 0.450003922
0.9100447893 0.4510164857
0.9166651368 0.4510681629
0.9223924875 0.4516251385
0.9284241199 0.453083694
0.9316513538 0.4533774257
0.9315518141 0.4534165859
0.9300948381 0.4536478519
0.927182436 0.4537724257
0.9225000739 0.4531276822
0.9161418676 0.4512195289
0.9107449055 0.4496706724
0.9050891399 0.447199285
0.9000351429 0.4441365302
0.8959803581 0.4413491189
0.8941736817 0.4386246204
0.8926055431 0.4355343282
0.8930262327 0.4322297871
0.8959224224 0.4297276735
0.9017415047 0.4289857745
0.9061681032 0.4282987118
0.9126887321 0.4286900461
0.9184165001 0.4302481711
0.9225453138 0.4314339757
0.924036324 0.4316896796
0.9220762849 0.4303717911
0.917951107 0.4282038212
0.9117461443 0.4255533814
0.9057489634 0.4221300483
0.9003838301 0.4187457561
0.8966047764 0.4138260484
0.8948470354 0.4085931182
0.8948401213 0.4044569135
0.8966894746 0.4006486237
0.9001793861 0.3982140124
0.9063362479 0.3977689147
0.9136254787 0.3979239464
0.920045495 0.3983307779
0.9261949658 0.3992675841
0.9298081398 0.3994799256

