0.6334958673 0.6044161916
0.634085238 0.6065253615
0.6337382197 0.6083110571
0.6325935721 0.6100923419
0.6312913895 0.6113384366
0.6314957142 0.6130596399
0.6299863458 0.6157492399
0.6295186281 0.6179994941
0.6300436258 0.6194941401
0.6305838227 0.6216753721
0.6302381754 0.625068903
0.6303625703 0.6274607182
0.631840229 0.62842381
0.6331509948 0.629966557
0.6346655488 0.6317808032
0.6357242465 0.6333543658
0.6371434331 0.6344161034
0.6389870048 0.6359196305
0.640530169 0.6371109486
0.642162025 0.6379362941
0.644279778 0.6393129826
0.6459298134 0.6408287287
0.6479435563 0.6420384049
0.6498243213 0.6421433687
0.651650548 0.6428617835
0.6534267068 0.6427693367
0.6553865671 0.6419423819
0.6575601697 0.6411048174
0.6599301696 0.6403495073
0.6621798277 0.6394919753
0.6640978456 0.6381856799
0.666385591 0.6374163032
0.6687904596 0.6362864375
0.6709814072 0.634922564
0.6729385853 0.6340122223
0.6753293276 0.6327455044
0.6774808168 0.6312910318
0.6791822314 0.6302065849
0.6813167334 0.628862381
0.6836291552 0.6283141971
0.6857149601 0.6272192001
0.6878817081 0.6251770258
0.6904953122 0.6235508323
0.6926862001 0.622125268
0.6943600178 0.6194157004
0.6962131262 0.6161732674
0.6985267401 0.6132743955
0.7003103495 0.6091141105
0.7016274929 0.6057596207
0.702586174 0.6035534739
0.7032824755 0.6002594233
0.7027363777 0.5970108509
0.7016893625 0.593744874
0.7004201412 0.5903142691
0.6988731623 0.5866390467
0.6971222162 0.5836231709
0.695173502 0.5810073614
0.6934062243 0.5783650875
0.6915608048 0.5762422681
0.6892367601 0.5743317604
0.6864169836 0.5725125074
0.6833344698 0.570689261
0.6804828644 0.5686820745
0.6774170399 0.5669724941
0.6741349697 0.5658754706
0.6707500219 0.5647960901
0.6673009396 0.5635036826
0.6638894081 0.5628017187
0.660156846 0.5626751184
0.6562182307 0.5622271299
0.6520304084 0.5615539551
0.6484955549 0.5612062216
0.6445524693 0.5612120032
0.6409096718 0.5608775616
0.6368792653 0.5611823201
0.633226335 0.5617514849
0.6292936802 0.5621802807
0.6256600618 0.5628063083
0.6216599345 0.5640158057
0.617718339 0.5651304126
0.6143270135 0.5665001273
0.6106330752 0.568546176
0.6067736745 0.5704913139
0.6033962369 0.5721071959
0.5996317863 0.5739976764
0.5957128406 0.5759181976
0.5920420885 0.5785537958
0.5888596177 0.5822911263
0.5857490897 0.5858663321
0.5830998421 0.5889691114
0.5800030231 0.5923387408
0.5775227547 0.5970259309
0.5755401254 0.6015976667
0.573307395 0.6060721874
0.5704724789 0.6104979515
0.5684560537 0.6149413586
0.5668887496 0.6201752424
0.5652531981 0.625505805
0.5638620853 0.631152153
0.5628179312 0.6361519098
0.5616184473 0.6404620409
0.5610189438 0.6456781626
0.5606949329 0.6508569121
0.5610205531 0.6555571556
0.5613356829 0.6604756117
0.5618725419 0.665440917
0.5636128187 0.6696304083
0.5654699802 0.6735184193
0.5683070421 0.6762324572
0.5707499981 0.6789315939
0.5742694139 0.6820393801
0.577273488 0.6853233576
0.5812100768 0.6874060035
0.5851325989 0.6894403696
0.5888828635 0.6915495992
0.5928974748 0.6932333112
0.5966130495 0.6951192617
0.6006426215 0.6964893341
0.6047224998 0.6981506944
0.6088064313 0.7002575397
0.6134564877 0.701710403
0.6180193424 0.7023931146
0.6223695278 0.7033133507
0.6271696091 0.7049792409
0.6317439079 0.7059006095
0.6364125609 0.7058395147
0.6411541104 0.7066584229
0.6461940408 0.7081620693
0.6510964036 0.7086046934
0.6561714411 0.7088060975
0.6611992121 0.708688736
0.6657395363 0.7079231739
0.6704682112 0.7068164945
0.6747800112 0.7055366635
0.679353714 0.7031245828
0.6834807396 0.700779438
0.6872711182 0.6976437569
0.6917975545 0.6947811842
0.6964439154 0.6913509965
0.7007244229 0.6880066395
0.7043042183 0.6846985221
0.7088088393 0.6814739704
0.713685751 0.6772332191
0.7179697752 0.6731521487
0.721606195 0.6691217422
0.725507915 0.6648678184
0.7293540835 0.6613124013
0.732804656 0.6572370529
0.7354320288 0.6524423361
0.7379934788 0.6475196481
0.740880549 0.6424206495
0.7435405254 0.6373180747
0.7451179624 0.6315196157
0.7465685606 0.6258437634
0.7477514744 0.6202943325
0.7478652596 0.6120015979
0.7479102015 0.6044807434
0.7478451729 0.5973376632
0.7471170425 0.5898661613
0.7452891469 0.5827993751
0.7429894805 0.5749978423
0.741045475 0.5678153634
0.7383210063 0.5610431433
0.7352156043 0.5538759828
0.7317182422 0.5469995737
0.7272890806 0.5397862196
0.7223683596 0.5329482555
0.7171800733 0.5281342864
0.7112414837 0.5226294994
0.7040399909 0.5170940161
0.6970663667 0.5124428868
0.689006567 0.5086928606
0.6805480719 0.5045902729
0.6720718145 0.4999635816
0.663500011 0.4966401458
0.6552277803 0.495347321
0.646325767 0.4937350154
0.6372553706 0.4928426743
0.6283827424 0.4943910241
0.619781971 0.4964682758
0.6112477779 0.4987916052
0.6025652289 0.5018886924
0.5955258012 0.5061478019
0.5896662474 0.5108003616
0.5830329657 0.5161222816
0.5773844123 0.5216379762
0.5716813207 0.5273854136
0.566775918 0.5332439542
0.5623646975 0.5404601097
0.5581396818 0.5472062826
0.5533642769 0.5537309051
0.5489554405 0.560874939
0.5461597443 0.5673553348
0.5421329737 0.5738658309
0.5371879935 0.5803739429
0.534073472 0.5878961086
0.5313540697 0.5948987603
0.5272479057 0.6022980213
0.5237720013 0.6108973026
0.5208021402 0.6184409857
0.5167422891 0.6252636909
0.5121504664 0.6324239969
0.5074232221 0.6403675079
0.5038096309 0.64869982
0.5004605055 0.6578918695
0.5066022873 0.936753571
0.521739006 0.9202728868
0.5386465192 0.9018440247
0.5529819727 0.8860832453
0.5650957823 0.8731877208
0.5759120584 0.8617452383
0.5844839811 0.8505083323
0.5902262926 0.8434322476
0.5943777561 0.8362894058
0.5963851213 0.8314164877
0.5988465548 0.8251806498
0.6002830267 0.818154037
0.6005387306 0.8116816282
0.6007832289 0.8037493825
0.6001231074 0.7950254083
0.5987577438 0.7870744467
0.5953437686 0.7808582783
0.5923836231 0.7739782333
0.5889548063 0.7686551213
0.5864549279 0.7616221905
0.5840062499 0.7565934658
0.581619978 0.7522245049
0.5790292025 0.7471966743
0.5769432187 0.7416397929
0.5750957727 0.735139966
0.5725809932 0.7291203141
0.569812417 0.7232160568
0.5681941509 0.7164511085
0.5657199621 0.7103583813
0.562725842 0.7048089504
0.5591544509 0.7000094652
0.554784894 0.6948173642
0.5503101349 0.690728128
0.5441783667 0.6864401102
0.5373425484 0.6823834181
0.5302037597 0.6779652238
0.5232580304 0.67320472
0.5160675645 0.6689104438
0.5091058612 0.6642967463
0.5023409128 0.6586111784
0.5001237988 0.5801432729
0.5018676519 0.5775771141
0.5087039471 0.5788021088
0.5160338879 0.5809892416
0.5214183331 0.5841720104
0.526827395 0.5879778862
0.5309423804 0.5916187763
0.5373597145 0.5956129432
0.5436226726 0.6014434099
0.548371315 0.6054403186
0.5536205769 0.6105774641
0.5593594313 0.6152254343
0.563226223 0.6201913357
0.5665991902 0.6253625154
0.5698100328 0.6305451393
0.5719024539 0.6357963681
0.5754356384 0.6420130134
0.5782421827 0.6499652863
0.5810812712 0.656439662
0.5850506425 0.6610797644
0.589009583 0.6648439765
0.5930901766 0.6684536934
0.5980540514 0.6720565557
0.6027386785 0.6746344566
0.6072028875 0.6775854826
0.6118237972 0.6805158257
0.616994977 0.6833903193
0.6221607924 0.6862282753
0.6271708608 0.6888602972
0.6329724789 0.6919848323
0.6389608383 0.695176959
0.6446572542 0.6973318458
0.6505340934 0.698839426
0.6564212441 0.7012995481
0.6633031368 0.7066630721
0.6697824597 0.7110043168
0.6760072112 0.71405828
0.6822643876 0.7176911831
0.6896458864 0.7224523425
0.6970180869 0.728536725
0.7047629952 0.7322987318
0.7128471732 0.7328081727
0.7202241421 0.7351720333
0.7286653519 0.7379288077
0.7370760441 0.7389308214
0.7453877926 0.7389713526
0.7542973757 0.7419745326
0.7635267377 0.7438774705
0.7721182108 0.7426748872
0.7802630067 0.7426695824
0.7881190181 0.7387012243
0.7946807146 0.7343216538
0.8029726148 0.7335326672
0.8115730882 0.7335442305
0.8179712296 0.7282747626
0.8245735168 0.7230950594
0.8326498866 0.7202915549
0.8400338888 0.7156878114
0.8468418121 0.7101054192
0.854950428 0.7059800625
0.8614708781 0.7003242373
0.8661608696 0.6929880977
0.8701782823 0.687215507
0.8748742342 0.6794980764
0.8785739541 0.669408679
0.8820074797 0.6615926623
0.884665072 0.6525547504
0.8862105608 0.6419135332
0.8880081177 0.6310516
0.888495028 0.6202009916
0.8891018033 0.6111446619
0.889131546 0.6014523506
0.888535738 0.5904766321
0.8884257674 0.5818169713
0.8891135454 0.5733880997
0.888335228 0.5632443428
0.8867487311 0.5519147515
0.8858197927 0.5421726704
0.8839086294 0.5317097306
0.8816423416 0.5218458176
0.8800110221 0.5125459433
0.8781825304 0.5035355687
0.8763283491 0.4953388572
0.8741307855 0.4870897532
0.8709203005 0.4782500565
0.8669176102 0.4693732262
0.862015605 0.4604271948
0.856613934 0.4514582753
0.850102365 0.4433541
0.8435308933 0.4353590608
0.8364598155 0.4277710915
0.829241991 0.420727849
0.8219965696 0.4138195217
0.8141827583 0.4074793458
0.8065385818 0.4010852277
0.7984871864 0.3955776095
0.789878726 0.3905602992
0.7800571322 0.3846457899
0.7696579695 0.3785333037
0.760633707 0.3729436398
0.7514255643 0.3683565259
0.7428988218 0.3640379608
0.7342032194 0.3608176708
0.7260510325 0.3572379649
0.7176009417 0.3534647822
0.7082852125 0.3495539725
0.6995812654 0.3462616801
0.6912330389 0.3439428806
0.6825996637 0.3420232534
0.6732202172 0.3405609429
0.6642054319 0.3397144973
0.6556615233 0.3398323655
0.646908164 0.3407820761
0.6374548078 0.3408001065
0.6284577847 0.3428843617
0.6206188798 0.3455813527
0.6132560372 0.349056989
0.6066524386 0.3533992171
0.6007822752 0.3588926196
0.595338583 0.3642907143
0.5909834504 0.3704169393
0.5876380205 0.3769475222
0.5838782787 0.3835334182
0.5810565948 0.390344739
0.5785559416 0.3972882926
0.5762263536 0.4039996266
0.5737765431 0.411226362
0.5707446337 0.4181413054
0.5681871176 0.4256066084
0.5651475787 0.4321242571
0.5613176823 0.4382830858
0.558231473 0.4453732371
0.5563264489 0.4539128244
0.55397892 0.4619765282
0.551120162 0.469365716
0.5467902422 0.4773290157
0.5425320864 0.4850013256
0.5392700434 0.4934945703
0.5367039442 0.5020496845
0.5342348814 0.5111634731
0.5309990048 0.5200919509
0.5287102461 0.5292288065
0.5273895264 0.5384446383
0.5268927813 0.5489065647
0.5269650221 0.5590853095
0.5274040699 0.5689464808
0.5276753902 0.5798385143
0.5289703608 0.5921051502
0.5299719572 0.6037914753
0.5311027765 0.6160501242
0.5311558247 0.6289900541
0.5319862366 0.6431643367
0.5343757272 0.6575367451
0.5355986953 0.6728943586
0.5381523967 0.6876242161
0.5423877835 0.7006058693
0.5488040447 0.7123618722
0.559168756 0.7180943489
0.5709317327 0.7189211249
0.5828525424 0.7183741927
0.594819665 0.7068259716
0.6035314202 0.6936599612
0.6077083945 0.6763862371
0.6121091247 0.6612924337
0.6128278375 0.644208312
0.611836791 0.6301881075
0.6070314646 0.6166664362
0.6030575633 0.6042584181
0.5970765948 0.5930643082
0.5906267166 0.5834439993
0.5845621228 0.5756151676
0.5780690312 0.5682311654
0.5706272125 0.5621477962
0.5647599101 0.555850625
0.5601709485 0.5491230488
0.5560760498 0.5432151556
0.5539864302 0.5368793607
0.5540375113 0.5309919119
0.5521458983 0.5256696939
0.5507703424 0.5201931
0.5511912704 0.5145560503
0.5527537465 0.508688271
0.5540591478 0.5045110583
0.5560686588 0.500415802
0.5592013597 0.4975349605
0.56095469 0.493388921
0.5608958006 0.4903971255
0.5607478023 0.4869765043
0.5617653131 0.4843960702
0.5631965399 0.4824958742
0.5625241399 0.4804834723
0.5614848137 0.4795459509
0.5603934526 0.4799341857
0.5573931932 0.4809101224
0.5536686182 0.481806457
0.5489959121 0.4830661118
0.5445312858 0.4848310649
0.5399493575 0.4862708747
0.5355171561 0.4867071509
0.5318866968 0.4865593314
0.5284615755 0.4862247109
0.5257390738 0.4854221344
0.5230747461 0.4841797948
0.5193603039 0.4826845229
0.5151738524 0.4804334641
0.5099138021 0.4788483381
0.5046271086 0.4763804674
0.5005128384 0.473739624
0.5066412091 0.2313266993
0.5182540417 0.2331346869
0.5274600983 0.2336236984
0.5385184884 0.2353079021
0.5496143103 0.2370807528
0.5592337251 0.2372138053
0.5678164363 0.2361049652
0.5796257257 0.2368124276
0.5924191475 0.2380040139
0.6024330258 0.2381397486
0.6137394905 0.2388270795
0.6236302853 0.2383939028
0.6334059238 0.2380693555
0.6417146325 0.2379829288
0.6492958069 0.2384718359
0.6594673991 0.2405583113
0.6710214615 0.2450198382
0.6806127429 0.2478502989
0.6874161959 0.2488693893
0.6970487237 0.2523019314
0.705377996 0.2555238903
0.7128226161 0.2597187757
0.7224861383 0.2679825425
0.7292495966 0.2738212347
0.7341300249 0.2767121792
0.7402080894 0.2847758532
0.7509025335 0.2969403267
0.7546489239 0.3043260872
0.7546650171 0.3110792935
0.7573993802 0.3193049431
0.7605085373 0.3304980397
0.7626452446 0.3417770267
0.7616718411 0.3473934233
0.7615015507 0.3558766246
0.7645501494 0.3700849414
0.7678186893 0.3846231699
0.7679077983 0.3956186771
0.7697601318 0.4078251719
0.7706445456 0.4162447453
0.7692598104 0.4236956239
0.7700603008 0.4332787991
0.7718199492 0.4449528456
0.7715064287 0.4548820257
0.7703437805 0.464022398
0.7688447237 0.4728341997
0.765991807 0.4808594584
0.7616078854 0.4899173975
0.7566849589 0.4981487393
0.7511421442 0.5050596595
0.7450807095 0.5121366382
0.7394907475 0.5210896134
0.7336134911 0.5287520885
0.7264026403 0.5352455974
0.7188224792 0.5400995016
0.711606741 0.5440300703
0.7031088471 0.5474919081
0.6950362921 0.5508452654
0.6873749495 0.5524126887
0.6792649031 0.5535907745
0.6706649065 0.5540913939
0.6622315645 0.5541726351
0.6544167399 0.554867506
0.6472129822 0.5552892089
0.6392455101 0.5543450117
0.6315313578 0.553129673
0.6246306896 0.5504158735
0.6180553436 0.5469219089
0.6113687158 0.5441933274
0.6047798991 0.5416716337
0.5990951061 0.5385549664
0.5936102271 0.5348846912
0.5879026651 0.5308039188
0.5830836892 0.5257931352
0.5799135566 0.520653069
0.5762569904 0.5157925487
0.5731175542 0.5097370148
0.5709488392 0.5034383535
0.5708588362 0.4968039095
0.5709571838 0.4902998507
0.571652472 0.4829635322
0.5723032355 0.4754912853
0.5741336346 0.4684877992
0.5772209764 0.4620114863
0.5796977878 0.4554246068
0.5828382969 0.4491263628
0.58691293 0.4431931674
0.5906554461 0.4371332526
0.5949072838 0.4312006831
0.5994963646 0.4264900088
0.6060369611 0.4231209755
0.6145601273 0.4211918116
0.6233731508 0.4200765193
0.6305496693 0.4182047844
0.6386445761 0.4176820815
0.6476199627 0.4181631207
0.6552141905 0.4194123447
0.6617960334 0.4213918149
0.6685315967 0.4248005748
0.6751770377 0.4294501543
0.680750072 0.4354913831
0.6853160858 0.4410342872
0.6885068417 0.4473219514
0.6917179823 0.4546461403
0.6937047243 0.4615895152
0.6935998201 0.4676357806
0.692843318 0.4743011296
0.6916037202 0.4805046916
0.6887952089 0.4858876169
0.6846098304 0.4908467531
0.6801387072 0.4948135018
0.6754710674 0.4985303283
0.6702814102 0.5003303289
0.6646324396 0.5008195043
0.6585417986 0.4982322156
0.6534026861 0.4964869916
0.6488999128 0.4941513836
0.6444624662 0.491024524
0.6405154467 0.4874137044
0.6370212436 0.4835312068
0.6339598894 0.4787984192
0.6318049431 0.4735425115
0.6316927671 0.4692391455
0.6334037781 0.4660691619
0.6366822124 0.4628186226
0.6403109431 0.459656179
0.645721674 0.4575749636
0.6510714293 0.4558919668
0.6547194719 0.4539842904
0.6571766138 0.4530399144
0.6603384018 0.4545775056
0.6628707647 0.4564310312
0.6625009775 0.4576845169
0.6619873643 0.4590064883
0.6613448858 0.4613876939
0.6596421599 0.46273911
0.6575912237 0.4636718035
0.6564335227 0.4646088481
0.6549275517 0.464875102
0.6535842419 0.465613395
0.6529591084 0.4673083425
0.6529357433 0.4691538215
0.6520879865 0.470320493
0.6516958475 0.4707105756
0.6516369581 0.4710795879
0.6515792608 0.4710538387
0.6514970064 0.4713459313
0.6515103579 0.4717840552
0.6524319649 0.4719433486
0.6536973715 0.4723279476
0.6544858217 0.4729457796
0.6574084759 0.4737250805
0.6609510779 0.4748533666
0.6639427543 0.4766562581
0.6672199965 0.4790796041
0.6714876294 0.4823752642
0.6746069193 0.4862203598
0.6780030727 0.4912025928
0.681697607 0.4996882677
0.6848635077 0.508661747
0.6903396249 0.5195553899
0.6985405684 0.5342404246
0.7065789104 0.5515111685
0.7140635252 0.5639589429
0.7192853689 0.5725719929
0.7241721153 0.5810082555
0.7309356928 0.5918543339
0.7352580428 0.6017907858
0.738753736 0.6090425253
0.7427464724 0.6151561141
0.7478681207 0.6201254129
0.7515516281 0.6252186894
0.755450666 0.62957865
0.7634422779 0.6349986792
0.7707599998 0.641953826
0.7775834799 0.648365438
0.7844231129 0.6540678144
0.7940900922 0.6593244076
0.8004045486 0.6653906703
0.8069401979 0.6717685461
0.8161589503 0.678904891
0.8230695724 0.6843528748
0.8278325796 0.687523663
0.8336557746 0.6909893751
0.8376731873 0.6936754584
0.8414299488 0.6950109601
0.8437737226 0.696197927
0.8458233476 0.6947433949
0.8484107256 0.6951327324
0.8497371674 0.6934906244
0.8504521847 0.6923497319
0.8524870872 0.6950653195
0.8537267447 0.6959650517
0.8495610356 0.6930953264
0.8461577892 0.6917262673
0.8417637944 0.6907527447
0.8353573084 0.687487185
0.8282488585 0.683709681
0.8212486506 0.678152144
0.8137806654 0.6724200249
0.8072023392 0.6689484119
0.8009947538 0.6656134725
0.7930926681 0.6587605476
0.7860031128 0.6509165764
0.7805541754 0.6443862319
0.7753943205 0.6368656754
0.7692859769 0.6283992529
0.7642742395 0.620659709
0.7616825104 0.6131898761
0.7593734264 0.6048212647
0.7567591071 0.5952264071
0.7560706735 0.5861690044
0.7569977641 0.5788275003
0.7588933706 0.5728698969
0.7608513832 0.5659202337
0.7636999488 0.5572923422
0.7656376958 0.5486957431
0.7680419087 0.5418898463
0.7710738778 0.5361383557
0.7750856876 0.5306634307
0.7795321345 0.5255221128
0.7856996059 0.523049891
0.7933437824 0.522452116
0.8008005619 0.5211466551
0.8080416918 0.5200232863
0.8171415329 0.5200084448
0.8273380995 0.5201663375
0.8365279436 0.5192861557
0.8454178572 0.5196890235
0.8570713401 0.5220664144
0.870421648 0.5242549777
0.8809524775 0.5245850086
0.8927108645 0.5244736075
0.9067185521 0.5249887705
0.9189456701 0.5261487961
0.9271857142 0.5246471763
0.933912158 0.5240263939
0.940151155 0.5245985985
0.9455125332 0.524240315
0.9510519505 0.5241786242
0.9594447613 0.5259616375
0.9581241608 0.5257771015
0.942073822 0.5253727436
0.9259796739 0.5225643516
0.9107810855 0.5204341412
0.895691514 0.5210478306
0.8810625076 0.5200431347
0.8653702736 0.5157227516
0.8503420353 0.5170171261
0.8389366865 0.5190886259
0.8284333348 0.5199043751
0.819229424 0.5212655067
0.8078315854 0.52368927
0.7971855402 0.5264897943
0.7884634137 0.5283884406
0.7812688351 0.5321184397
0.7746312618 0.5371102095
0.7688792944 0.5396727324
0.7631098032 0.543294847
0.7599073052 0.5488843322
0.75737077 0.5550640225
0.7562863827 0.5602001548
0.7574925423 0.5654199719
0.7571632266 0.5725905895
0.757019341 0.579180181
0.7570230961 0.5873196125
0.7582181692 0.5946545005
0.7576498389 0.6020637155
0.7585788369 0.6097968221
0.7618344426 0.620383203
0.7665790319 0.6310835481
0.7724946141 0.6414486766
0.7788559198 0.65140903
0.7863069773 0.6592946053
0.7934193611 0.6664723158
0.8019194007 0.6761389971
0.8124108911 0.6868751049
0.8222769499 0.6976850629
0.832865119 0.70847857
0.8451970816 0.7208657265
0.8599363565 0.7338272333
0.8779447079 0.7485378981
0.8967306018 0.7645361423
0.9198409915 0.7830320001
0.9471526146 0.799433589
0.9504870176 0.7634401321
0.9411858916 0.7525843382
0.9309760928 0.7443199158
0.9118044376 0.7272775173
0.8945673108 0.7107787132
0.8799449801 0.6989027858
0.8684175014 0.6923276782
0.8571544886 0.6860771179
0.844815135 0.6773471236
0.8333242536 0.6675668955
0.8230438232 0.6595449448
0.8146283627 0.6552274227
0.805778265 0.6493501663
0.7972244024 0.6418962479
0.7866728902 0.6342663169
0.778216958 0.628074646
0.7696092129 0.6231251359
0.7613200545 0.6161662936
0.7520541549 0.6101924777
0.7453880906 0.6058749557
0.7400488853 0.599750042
0.7347172499 0.5924458504
0.7312855721 0.5860170722
0.7307088375 0.5800679922
0.7313218713 0.5734996796
0.7321343422 0.5665847063
0.7345702648 0.5599112511
0.7410297394 0.5547273755
0.7485380173 0.5507419109
0.7552671432 0.5469333529
0.7628346682 0.5440482497
0.7728667259 0.5416882038
0.786418438 0.5424816608
0.7964861393 0.542802155
0.8072484732 0.5407008529
0.8206352592 0.5397905707
0.8346488476 0.5393716097
0.848379612 0.5384222269
0.8639227152 0.5387478471
0.8807128668 0.543032527
0.8951596618 0.5466266274
0.9081068635 0.5509828925
0.9253563881 0.5555541515
0.938157022 0.5560033917
0.9457306862 0.5537062883
0.9532267451 0.5507051349
0.9599609375 0.5492272973
0.9599609971 0.5440807939
