0.8738728166 0.1676603407
0.8776153326 0.167634964
0.8818429708 0.1662037224
0.8886398077 0.1651968807
0.8982771635 0.1659807563
0.9096854925 0.1673865765
0.9189819098 0.1669535637
0.9305678606 0.1653695107
0.9422861338 0.1664996445
0.9502261877 0.1697455347
0.9557875395 0.1725678593
0.957986474 0.1749795079
0.9552026987 0.1798990965
0.9509362578 0.185400784
0.9460350275 0.1890036762
0.9396687746 0.1892802715
0.9331818223 0.1877067387
0.9257037044 0.1843304634
0.9194456339 0.1795588434
0.9137855172 0.1733758003
0.9094209075 0.1654779464
0.905305922 0.158941865
0.9017789364 0.1532967091
0.8998878598 0.1490203142

0.8479926586 0.1665276736
0.8485765457 0.1654196382
0.8505952358 0.1672853231

